Date,AAPL,MSFT,GOOG,AMZN,TSLA
2020-01-02,296.23999,157.699997,1345.650024,1877.710083,430.26001
2020-01-03,297.429993,158.620003,1351.600037,1893.990112,439.390015
2020-01-06,298.929993,159.130005,1355.979980,1908.060059,442.190002
2020-01-07,297.929993,158.779999,1354.959961,1895.650024,438.119995
2020-01-08,298.929993,159.250000,1356.820068,1898.020020,440.709991
2020-01-09,299.929993,160.089996,1362.169983,1909.919922,444.640015
2020-01-10,300.349991,160.160004,1367.690063,1914.010010,446.020020
2020-01-13,303.289993,161.580002,1371.780029,1928.929932,448.059998
2020-01-14,304.359985,162.089996,1375.550049,1934.399902,452.260010
2020-01-15,305.849991,162.690002,1378.690063,1940.229980,453.309998
2020-01-16,305.710022,163.279999,1380.520020,1944.080078,454.820007
2020-01-17,305.759979,163.970001,1384.550049,1947.250000,457.190002
2020-01-21,307.059998,165.080002,1389.170044,1952.690063,459.25
2020-01-22,308.929993,166.239998,1391.250000,1957.820068,460.639999
2020-01-23,309.059998,166.830002,1393.010010,1960.820068,463.149994
2020-01-24,310.079987,167.440002,1396.059998,1965.479980,465.330017
2020-01-27,310.429993,168.070007,1397.549988,1972.560059,468.489990
2020-01-28,311.549988,168.679993,1401.020020,1977.020020,469.750000
2020-01-29,312.839996,169.309998,1403.300049,1981.770020,471.010010
2020-01-30,313.200012,169.839996,1405.600037,1983.929932,472.149994
2020-01-31,314.290009,170.000000,1406.899902,1986.159912,473.049988

